1,1,1,1.25,633.70,7.74,2.23
1,2,1,1.04,591.73,2.18,2.45
1,3,1,.86,632.32,4.86,1.30
1,4,1,.85,630.16,4.10,1.28
1,5,1,.52,598.95,2.50,.95
1,6,1,.93,593.64,3.65,2.46
1,7,1,.68,596.56,1.61,1.17
1,8,1,.58,598.67,2.22,1.15
1,9,1,.29,593.47,.87,.84
1,10,1,.36,601.96,.86,.89
1,11,1,.39,605.10,.50,.86
1,12,1,.47,585.88,.68,1.31
1,13,1,.21,592.65,.47,.63
1,14,1,.25,598.79,.65,.95
1,15,1,.15,603.76,.45,.60
1,16,1,.17,599.79,.22,.57
1,17,1,.11,620.85,.10,.51
1,18,1,.05,592.11,.13,.31
1,19,1,.07,603.21,.06,.31
1,20,1,.13,618.02,.13,.43
1,21,1,.12,576.80,.05,.54
1,22,1,.11,611.41,.05,.69
1,23,1,.05,606.34,.08,.28
1,24,1,.07,616.45,.08,.48
1,25,1,.14,582.05,.03,.70
1,26,1,.23,559.54,.05,.93
1,27,1,.23,579.38,.30,.83
1,28,1,.13,582.45,.19,.63
1,29,1,.63,599.17,4.67,2.06
1,30,1,.60,583.43,1.34,1.93
1,31,1,.35,587.56,.73,1.10
1,32,1,.06,585.69,.10,.38
1,33,1,.19,582.95,.25,.68
1,34,1,.10,585.15,.20,.54
1,35,1,.08,586.09,.05,.47
1,36,1,.15,588.19,.06,.75
1,37,1,.23,582.45,.24,.76
1,38,1,.27,592.07,.28,.67
1,39,1,.37,574.62,1.45,.86
1,40,1,.13,572.09,.13,.68
1,41,1,.46,583.39,1.47,1.37
1,42,1,.14,577.79,.18,.68
1,43,1,.20,582.52,.11,.78
1,44,1,.12,590.82,.20,.57
1,45,1,.10,572.09,.26,.40
1,46,1,.11,574.92,.05,.63
1,47,1,.20,562.51,.10,1.07
1,48,1,.31,548.94,.05,1.57
1,49,1,.16,559.13,.13,.70
1,50,1,.15,556.84,.15,.87
1,51,1,.14,559.48,.15,.57
1,52,1,.11,562.77,.20,.48
1,53,1,.13,563.43,.30,.62
1,54,1,.08,563.25,.03,.44
1,55,1,.08,556.08,.08,.45
1,56,1,.07,552.30,.08,.45
1,57,1,.32,544.94,.08,1.54
1,58,1,.27,548.49,.25,.90
1,59,1,.16,534.95,.16,.56
1,60,1,.19,521.44,.30,.76
1,61,1,.19,514.21,.08,.88
1,62,1,.16,523.67,.30,.58
1,63,1,.11,518.15,.06,.60
1,64,1,.22,521.89,.70,.86
1,65,1,.19,507.12,.08,.70
1,66,1,.27,523.17,.39,1.20
1,67,1,.15,520.69,.49,.55
1,68,1,.21,519.54,.28,.93
1,69,1,.20,517.71,.13,.90
1,70,1,.16,518.05,.16,.54
1,71,1,.15,507.65,.06,.73
1,72,1,.16,511.29,.05,.75
1,73,1,.16,507.44,.08,.80
1,74,1,.15,468.09,.03,.73
1,75,1,.10,475.83,.08,.54
1,76,1,.10,468.90,.06,.45
1,77,1,.10,475.20,.05,.47
1,78,1,.11,466.06,.03,.60
1,79,1,.33,470.01,.81,1.21
1,80,1,.17,441.53,.15,.75
1,81,1,.45,434.45,.14,1.62
1,82,1,.27,440.56,.11,1.13
1,83,1,.32,454.89,.31,1.14
1,84,1,.51,431.74,2.19,1.19
1,85,1,.25,426.05,.13,1.06
1,86,1,.22,437.57,.21,.95
1,87,1,.21,434.55,.27,.87
1,88,1,.20,436.87,.13,.90
1,89,1,.18,432.06,.11,.74
1,90,1,.15,427.98,.10,.67
1,91,1,.49,425.21,.20,1.86
1,92,1,1.07,426.37,1.72,3.57
1,93,1,.69,424.27,.71,2.66
1,94,1,.14,435.85,.07,.64
1,95,1,.14,427.26,.06,.64
1,96,1,.29,425.94,.11,1.17
1,97,1,.26,429.50,.19,1.07
1,98,1,.48,427.82,.82,1.30
1,99,1,.92,422.49,1.36,3.16
1,100,1,.83,426.12,.95,2.96
1,1,2,,,,
1,2,2,,,,
1,3,2,,,,
1,4,2,,,,
1,5,2,,,,
1,6,2,,,,
1,7,2,,,,
1,8,2,,,,
1,9,2,,,,
1,10,2,,,,
1,11,2,,,,
1,12,2,,,,
1,13,2,,,,
1,14,2,,,,
1,15,2,,,,
1,16,2,,,,
1,17,2,,,,
1,18,2,,,,
1,19,2,,,,
1,20,2,,,,
1,21,2,,,,
1,22,2,,,,
1,23,2,,,,
1,24,2,,,,
1,25,2,,,,
1,26,2,,,,
1,27,2,,,,
1,28,2,,,,
1,29,2,,,,
1,30,2,,,,
1,31,2,,,,
1,32,2,,,,
1,33,2,,,,
1,34,2,,,,
1,35,2,,,,
1,36,2,,,,
1,37,2,,,,
1,38,2,,,,
1,39,2,,,,
1,40,2,,,,
1,41,2,,,,
1,42,2,,,,
1,43,2,,,,
1,44,2,,,,
1,45,2,,,,
1,46,2,,,,
1,47,2,,,,
1,48,2,,,,
1,49,2,,,,
1,50,2,,,,
1,51,2,,,,
1,52,2,,,,
1,53,2,,,,
1,54,2,,,,
1,55,2,,,,
1,56,2,,,,
1,57,2,,,,
1,58,2,,,,
1,59,2,,,,
1,60,2,,,,
1,61,2,,,,
1,62,2,,,,
1,63,2,,,,
1,64,2,,,,
1,65,2,,,,
1,66,2,,,,
1,67,2,,,,
1,68,2,,,,
1,69,2,,,,
1,70,2,,,,
1,71,2,,,,
1,72,2,,,,
1,73,2,,,,
1,74,2,,,,
1,75,2,,,,
1,76,2,,,,
1,77,2,,,,
1,78,2,,,,
1,79,2,,,,
1,80,2,,,,
1,81,2,,,,
1,82,2,,,,
1,83,2,,,,
1,84,2,,,,
1,85,2,,,,
1,86,2,,,,
1,87,2,,,,
1,88,2,,,,
1,89,2,,,,
1,90,2,,,,
1,91,2,,,,
1,92,2,,,,
1,93,2,,,,
1,94,2,,,,
1,95,2,,,,
1,96,2,,,,
1,97,2,,,,
1,98,2,,,,
1,99,2,,,,
1,100,2,,,,
1,1,3,,,,
1,2,3,,,,
1,3,3,,,,
1,4,3,,,,
1,5,3,,,,
1,6,3,,,,
1,7,3,,,,
1,8,3,,,,
1,9,3,,,,
1,10,3,,,,
1,11,3,,,,
1,12,3,,,,
1,13,3,,,,
1,14,3,,,,
1,15,3,,,,
1,16,3,,,,
1,17,3,,,,
1,18,3,,,,
1,19,3,,,,
1,20,3,,,,
1,21,3,,,,
1,22,3,,,,
1,23,3,,,,
1,24,3,,,,
1,25,3,,,,
1,26,3,,,,
1,27,3,,,,
1,28,3,,,,
1,29,3,,,,
1,30,3,,,,
1,31,3,,,,
1,32,3,,,,
1,33,3,,,,
1,34,3,,,,
1,35,3,,,,
1,36,3,,,,
1,37,3,,,,
1,38,3,,,,
1,39,3,,,,
1,40,3,,,,
1,41,3,,,,
1,42,3,,,,
1,43,3,,,,
1,44,3,,,,
1,45,3,,,,
1,46,3,,,,
1,47,3,,,,
1,48,3,,,,
1,49,3,,,,
1,50,3,,,,
1,51,3,,,,
1,52,3,,,,
1,53,3,,,,
1,54,3,,,,
1,55,3,,,,
1,56,3,,,,
1,57,3,,,,
1,58,3,,,,
1,59,3,,,,
1,60,3,,,,
1,61,3,,,,
1,62,3,,,,
1,63,3,,,,
1,64,3,,,,
1,65,3,,,,
1,66,3,,,,
1,67,3,,,,
1,68,3,,,,
1,69,3,,,,
1,70,3,,,,
1,71,3,,,,
1,72,3,,,,
1,73,3,,,,
1,74,3,,,,
1,75,3,,,,
1,76,3,,,,
1,77,3,,,,
1,78,3,,,,
1,79,3,,,,
1,80,3,,,,
1,81,3,,,,
1,82,3,,,,
1,83,3,,,,
1,84,3,,,,
1,85,3,,,,
1,86,3,,,,
1,87,3,,,,
1,88,3,,,,
1,89,3,,,,
1,90,3,,,,
1,91,3,,,,
1,92,3,,,,
1,93,3,,,,
1,94,3,,,,
1,95,3,,,,
1,96,3,,,,
1,97,3,,,,
1,98,3,,,,
1,99,3,,,,
1,100,3,,,,
10,1,1,5.36,1937.88,0,69.17
10,2,1,1.72,1946.10,.04,18.02
10,3,1,1.09,1959.84,0,12.17
10,4,1,1.51,1906.00,.02,16.42
10,5,1,.78,1962.26,.08,8.10
10,6,1,.80,1989.32,.05,8.55
10,7,1,.79,1972.04,0,10.51
10,8,1,.48,1987.14,0,4.94
10,9,1,.73,1956.38,0,9.39
